0.66 8.2721311596373397 6.4140797400100755 84463.4 1
0.67 8.2680598150214681 6.3395307754218084 84337.9 1
0.68 8.1865474387772998 6.3018188636999746 83960.5 1
0.69 8.1698943900279559 6.2578610551672655 89041.2 1.08
0.7 8.3157442586168298 6.4588211540590272 87845.3 1.04
0.71 8.2101057886683293 6.3266336728783532 85914.8 1.02
0.72 8.2514124804452855 6.3614574258253649 88686.6 1.08
0.73 8.3151035295171081 6.4279155166804314 93774.8 1.16
0.74 8.2526424436624701 6.340475536836867 94068 1.14
0.75 8.2167152648567292 6.3817747721499414 104902 1.34
0.76 8.1931994419368905 6.3416167673471264 100586 1.28
0.77 8.2957306930065418 6.3816667197811308 108331 1.38
0.78 8.2632315481461891 6.3516136914125534 125161 1.74
0.79 8.1799923807157722 6.342071730506377 138735 1.92
0.8 8.218542443260457 6.2811531034091548 143934 2.02
0.81 8.216002080084758 6.3004390923877915 167513 2.48
0.82 8.211221089086493 6.3703648313381072 196983 2.92
0.83 8.2520022010244798 6.3642213423590386 282567 4.42
0.84 8.4031627819681347 6.62138789316983 266148 4.3
0.85 8.2089679960233415 6.2878469932022734 359536 5.8
0.86 8.1801158796783593 6.3929645205519012 415444 6.76
0.87 8.1677755642948959 6.4535464332146262 478002 7.88
0.88 8.1335418921083029 6.3536261038982227 563322 9.5
0.89 8.0540884063909548 6.3118928231147251 721352 12.44
0.9 8.1498355231035831 6.4261018635916667 838733 14.62
0.91 8.0827186349242712 6.2981005399361125 1.06808e+06 18.88
0.92 8.0642071819672374 6.3971670551771451 1.2326e+06 21.96
0.93 8.0234755117365459 6.3677099681833003 1.52402e+06 27.5
0.94 7.9604788354446629 6.2973084234830097 1.76971e+06 32.24
0.95 7.982118024035664 6.2428614098366788 2.15594e+06 39.98
0.96 7.8797017059989845 6.2588168826677695 2.54741e+06 47.1
0.97 7.8884674831899675 6.2897087705388586 3.17425e+06 59.46
0.98 7.9017260786766412 6.3164881258972549 3.45939e+06 65.36
0.99 7.9560012963171394 6.4458422725816691 4.45603e+06 84.92
