0.6 8.3302485608254617 6.4816986786106892 3.80826e+06
0.61 8.3693248975410661 6.372470898014293 3.81877e+06
0.62 8.2939661488899095 6.4500490317844461 3.67824e+06
0.63 8.3169683098830909 6.4467458623593066 3.5011e+06
0.64 8.2141920648603808 6.3839825130260133 3.51043e+06
0.65 8.2048115183049308 6.3732658261648147 3.51787e+06
0.66 8.2721311596373397 6.4140797400100755 3.50547e+06
0.67 8.2680598150214681 6.3395307754218084 3.51433e+06
0.68 8.1865474387772998 6.3018188636999746 3.51264e+06
0.69 8.172546410407902 6.286081816778931 3.51538e+06
0.7 8.3169703658894569 6.4661147363040099 3.50608e+06
0.71 8.2108197223490418 6.3374174818770728 3.51343e+06
0.72 8.2538097267957937 6.3702829062485833 3.51038e+06
0.73 8.3197269013107817 6.4568233691047539 3.49849e+06
0.74 8.2571578973221627 6.345608696050415 3.51316e+06
0.75 8.226240605649382 6.4126009100534285 3.50843e+06
0.76 8.2006720132792843 6.3638149790061806 3.50213e+06
0.77 8.3056689753878619 6.410886945428282 3.49095e+06
0.78 8.2810415099892829 6.3594119744550479 3.50578e+06
0.79 8.2011216576573442 6.3553134965052607 3.51046e+06
0.8 8.239649406419332 6.2875764711521525 3.51023e+06
0.81 8.2472077566685549 6.3510038370476138 3.52302e+06
0.82 8.2502442597692252 6.3932247103707054 3.51694e+06
0.83 8.3175116499636417 6.4473707997068574 3.50952e+06
0.84 8.4618919751456101 6.6441383132839862 3.49109e+06
0.85 8.2908753984961372 6.3436101602428545 3.49899e+06
0.86 8.2718526097604244 6.4410567930256875 3.51246e+06
0.87 8.2707684981799083 6.484897241067638 3.48945e+06
0.88 8.2544497924522933 6.4082293481671275 3.48287e+06
0.89 8.2013814597254502 6.369787636997871 3.4901e+06
0.9 8.3162830734295721 6.4733239100819464 3.48514e+06
0.91 8.2860086761963352 6.3522676983140629 3.50137e+06
0.92 8.2872126974390952 6.4731584433823164 3.4823e+06
0.93 8.2800252230686695 6.4148204834906508 3.4862e+06
0.94 8.2347589447549829 6.3626123086274733 3.47599e+06
0.95 8.2876966051200256 6.2694839119987398 3.49404e+06

