20 1.8579974142152698 1.8740537032983031 49384
21 1.6016573614164085 1.7194637434650768 56381
22 1.6982160995281605 1.7140726577007823 88592
23 1.6588992968272758 1.6113767479251904 74899
24 1.7569590842615042 2.2066962320112924 53039
25 1.6383623514405907 1.8188979728322578 141909
26 1.7307766451589939 1.9104881537734422 151831
27 2.1653530420575202 1.9595537287621667 119698
28 1.915487686045382 1.9207952529902532 116110
29 2.0438671983966241 1.9904898552895107 208648
30 1.8651178924766705 1.9418864152178563 215265
31 1.8101097952645762 1.9265885519788 195079
32 1.9473173737676039 2.008514461206047 190399
33 1.74582939235568 1.9518601774665183 189910
34 1.6679537142275962 1.8073939195151232 240945
35 2.5246198815017165 2.1780668089798874 297179
36 2.0803171578767512 2.1469028846432598 259462
37 1.9886708379239204 1.9092344225561431 228146
38 2.0536417597044352 1.9609960760105807 335017
39 2.5823706857218149 1.951174611958421 187900
40 1.7691188516205121 1.8950734271240195 321823
41 1.9126665959821358 1.8863789740060102 361985
42 1.901558262498416 1.9936127683669596 645756
43 2.1331947466462116 1.9928433015955596 326510
44 2.0045633264637988 2.0659568255287839 574718
45 2.0588656333637454 1.9898952732052335 584434
46 2.1932037641642044 2.1562504930738329 447325
47 2.6286744998610145 1.857504641148916 267687
48 2.1209486045303887 2.0939116785226237 725586
49 2.343901689486112 2.3001136780523161 1027231
50 2.0341331384012453 1.955925615387901 873883
51 2.1414945842668764 1.9957737958275199 627333
52 2.0734081905959685 2.0214292095829394 1007910
53 2.0007831683973163 2.252941714108923 1040077
54 1.9538365473230352 1.9390747232758567 1122865
55 1.9248465566973296 1.9920535682893827 929344
56 1.997464507417744 1.9635505280880989 942626
57 2.0718930699990281 2.0503342869781243 530373
58 2.4531283333385372 2.1772718997020126 1175838
59 1.9944501383268234 1.9582153445895956 1123516
60 2.1277282679501726 2.0659514791432176 1176266
61 2.1210450864390658 2.0066338744387662 1056111
62 2.0237754274228581 2.0719328847982807 1008764
63 2.0959600444783897 2.020165635938072 1383976
64 2.099146328491194 2.0204245626286976 1528467
65 2.0791153683280461 1.9369045485843395 1372813
66 1.9978683611093919 2.0319570452236144 1093673
67 2.0935869366046442 2.0672041299210471 1419898
68 1.9739937427899976 1.968269823777046 1339638
69 2.1030855266286901 2.0276215682206247 1506295
70 2.208426210078386 2.0074827715522292 2549414
71 1.9270788816667628 1.9489506390509819 897474
72 2.0331588047670754 2.0480144116373338 2506819
73 1.9465025525218942 1.9849207792539711 2206094
74 2.0880639400539822 2.1508154141859066 2406670
75 1.8751226545860031 2.0581090477492823 1147743
76 2.1384876213131756 2.0692113721107477 2637563
77 1.9010958003679426 1.9781496683832207 1808877
78 1.9094118580526789 2.0450754658848527 3221466
79 2.1379320467303757 2.0288269628505176 3084658
80 1.9037064451977499 2.0730497435584638 3342206
81 1.949171841840444 1.9732787017455908 2436578
82 2.1216855348217738 2.1419864455411468 2475949
83 2.1954054705195736 2.0828239476643438 3558528
84 2.0575545480047897 2.0623005462992698 3013721
85 2.2722758697794188 2.0950399798835444 4281983
86 2.0965818194731907 2.0985167998822813 3863498
87 2.1677160600884027 2.1000349592769481 3187288
88 2.1121497781464873 2.0393923836366494 2272645
89 2.2741456858861429 2.0862030599062491 4438277
90 2.2389197956290072 2.1480470453786547 2702039
91 2.0023415712932588 2.0299884297779931 4084947
92 2.2491971338010135 2.0734176758540168 3022254
93 1.8764041022338336 2.0313328413364768 4687231
94 1.7577726478589504 2.0749713565946815 4261845
95 2.0177876084037409 2.0851982405521992 2677881
96 2.0613898098001155 2.0268470853800009 3930742
97 2.1404077529241947 2.0803307009204044 5524874
98 2.0861446245048221 2.0706055539346346 5391553
99 2.2987592229833536 2.2542237026940661 4900383
100 2.1808049521642436 2.1525460481522805 7174850
101 2.3640434823550702 2.171432697414303 5930438
102 2.0630281904184384 2.1030462320851351 4732415
103 2.0762010589985382 2.0455724475900778 5219617
104 2.0934884867669679 2.040766607926904 7261214
105 2.0670524048636767 2.0803949647340421 7400157
106 2.818551110193626 2.1036593079864581 4098465
107 2.2343036732603769 2.167182445255587 6762165
108 2.0141945571299495 2.066727860983927 5693904
109 2.2288127440675956 2.0965555290047519 6428500
110 2.3076803152745011 2.1191422047886657 7546929
111 2.0849857989593326 2.1387970183684142 9116812
112 2.2943273453944948 2.1265154758465288 9637041
113 2.0985086834244444 2.0833407578646614 9098955
114 2.0842169129744232 2.0966667472990106 8460183
115 1.9499877204219933 2.0899231699593459 8423900
116 2.0786034539609957 2.0883952059621715 6530105
117 1.735118850946493 2.0541187944722155 8730437
118 2.0181895412575432 2.1084811380225648 7720884
119 2.0821881251980749 2.155293590762859 3735089
120 2.190657636614922 2.0857359380597624 12174706
121 1.8934689233920827 2.0613163597862525 6145137
122 2.1530207477978411 2.0926409650673357 6815461
123 1.9895577478920456 2.0640302329554991 7873344
124 2.3049299836485879 2.1007676602254155 10536917
125 2.0197919818528658 2.0866907364320588 12921396
126 2.1174105874586142 2.0619141850622493 10075609
127 1.92567446231277 2.0509772594369116 13957586
128 2.1084510949956963 2.1447321180188679 16040777
129 2.0695927393822857 2.1411094858368398 8830850
130 1.9678017976803699 2.036912550132953 7407993
131 2.0537095031148316 2.1481476774346273 14709415
132 2.2095956949767248 2.1108485697045074 11846035
133 2.0098191549234716 2.1488634670300764 14789240
134 2.1241397164967384 2.0934661593980319 12373085
135 2.2603447851980203 2.1093554938443089 11486165
136 2.0749903660930702 2.0437562737937927 13210456
137 2.3255756006775878 2.1182707289086435 18895930
138 2.1828748568464391 2.1353743420323923 13074820
139 2.0891529443616927 2.1131919411800113 11381471
140 2.0842743039933533 2.120094192956874 17450764
141 2.0028490596757318 2.149942009477722 18873674
142 2.0743338562949174 2.0997976860981717 22842380
143 2.1477738870959091 2.126140221437764 19212802
144 2.1434281463453111 2.1910210400535739 18096451
145 2.0898029693029545 2.173968236363764 17567811
146 2.1149262974004723 2.109241055598817 18011173
147 2.1523142834133893 2.1799156657023731 16984140
148 2.0641333511949425 2.108152714639167 22513067
149 2.2620765673670205 2.182289320392401 22947566
150 2.0102528850440118 2.1008642221204643 13402899
151 2.0794982852251538 2.1094189571701096 22629058
152 2.2335994279065874 2.1368256144278033 22077527
153 2.1209059898867992 2.1649629568936741 25202039
154 2.1216588450987697 2.151530549977307 19324280
155 2.3452713555852114 2.1336950887901565 13545820
156 2.2408101769967099 2.156950094707057 26528326
157 2.0936721329495875 2.0989294575218151 18108923
158 2.1234852065382075 2.1232229909864779 20460014
159 2.0314429155433933 2.1285252640200247 26055656
160 2.195698757433191 2.1180009007239109 21985563
161 2.2729108143656469 2.1826825015427085 30017008
162 2.0989070192493138 2.1215474149889624 30536049
163 2.2693698290321764 2.1572975310958649 25966612
164 2.0578186947888741 2.1172593881128994 24194694
165 2.2219405106027521 2.1476537446423687 20194281
166 2.1649947584199407 2.1616742330891889 26807195
167 2.0956095340468539 2.1112199673723113 24072854
168 2.1715580734998357 2.2099867203159338 30259162
169 2.1868421662232227 2.149879364882485 22795993
170 2.3381609011796765 2.118821252707852 21986618
171 2.1342751786727616 2.1819210416819712 34644204
172 2.2548961005121488 2.1525704974422171 27707188
173 2.0229142348796354 2.1309968271121336 14502263
174 2.9900144483161211 2.1863278767076166 19487066
175 2.2029272292906104 2.1120194860568349 26471247
176 2.355212357007169 2.1484408744140002 32723029
177 2.0826561667920407 2.1507075024173328 30070752
178 2.1173050330623777 2.1260870780337209 27736366
179 2.1782914098414481 2.1579373950203773 35082687
180 2.2031588241089946 2.1858797613720089 37024805
181 2.0880622000786841 2.153417170827566 41804238
182 2.1210218069914748 2.1099238429502924 23466835
183 2.0645966976805545 2.1481223251006329 35881368
184 2.3404652298692241 2.1753440334036722 39077161
185 2.1778361392082517 2.1677783867991778 37414493
186 2.1611308510869462 2.1000502440171385 32785116
187 2.0234680490545829 2.1019365686477594 26871325
