20 1.2244828669067369 1.4389380219834746 5794
21 1.0990433567513835 1.3956083311825502 1529
22 1.1719024663833588 1.4548206601080624 1603
23 1.2657234527305379 1.5024825090420251 1847
24 1.3246227073040984 1.5651959797339494 2179
25 1.3194103218625768 1.603858616652633 2042
26 1.4192825951115748 1.7187499783559468 2241
27 1.3406121447243731 1.6422471328457526 2579
28 1.3482728462345466 1.684141258018264 2854
29 1.5198083241492331 1.7539449035814896 2833
30 1.4548455565302052 1.7380637639895766 2949
31 1.8101097952645762 1.844944406041642 3172
32 1.6116297986079631 1.8849867792754464 3892
33 1.4325896424717606 1.8484389569816917 5595
34 1.4288796522342806 1.7499557817362166 4247
35 1.772462938961203 1.9596509551865362 4850
36 1.5998072514690029 1.9072468373877178 5280
37 1.5364466293674743 1.8920019357638258 4948
38 1.6352905881150968 1.8413191043608472 5047
39 1.5689567862973297 1.8937340613669282 5603
40 1.6861547060308368 1.875795064291681 5684
41 1.4052017807777162 1.8873598909451634 7749
42 1.5200627240980271 1.9347065739418257 6357
43 1.4823364303149138 1.952004413703841 6523
44 1.6210884421582732 2.0457722045915303 7644
45 1.6186791481058023 1.9762977643656767 7148
46 1.8525993816530337 2.1472989303620409 8336
47 1.5504335173672563 1.9077859941318347 7718
48 1.7282555747202475 2.0782310737971521 8442
49 1.8123730481350733 2.2689237274052347 10285
50 1.5123019450639854 2.0286573515969017 10824
51 1.6687507212775987 2.1019093874414478 9205
52 1.7784860816355774 2.0807170267647042 9940
53 1.663767244652931 2.2428416999747558 14048
54 1.7644812022262362 2.0219089562240677 10151
55 1.8238544347558276 2.1467576858847099 11082
56 1.9477209393015515 2.1218985795390952 11069
57 2.0602073928086702 2.2675686649881883 11987
58 1.827265516852572 2.2977504076898936 13844
59 1.7007269850372015 2.0814395042678182 12960
60 1.8282736791695762 2.2573254595269816 13441
61 1.7788155796134359 2.1791468451874412 15614
62 1.7542826465864443 2.2368210880207893 18159
63 1.7115663607250766 2.2429439969779303 17718
64 2.0487427885855052 2.2801059470895302 17211
65 1.6033920791790037 2.100591329649542 18947
66 1.844058218440386 2.1702019141110016 21166
67 2.0935869366046442 2.3423220245203495 22971
68 1.815268030293157 2.1022610510458075 21146
69 1.7778485413521161 2.1676320681752652 22018
70 1.6280363807902198 2.118236403846296 22836
71 1.7513324225830558 2.1277468917348603 25654
72 2.0836536688233784 2.2532632992867039 24538
73 1.7876800135088311 2.1728767174786574 24844
74 1.8789742425518212 2.3000632088821038 25198
75 1.8089097742727476 2.3405166097278753 27956
76 1.8328077522432267 2.2420147704358668 27125
77 1.8700124985932682 2.1751919271244953 27096
78 1.9131419257797007 2.3144531823770245 28152
79 1.8678315643747214 2.2544526062698793 29401
80 1.8924014244340415 2.3140806595008092 34794
81 1.7814835893973668 2.140140393106674 30127
82 2.0298727806761319 2.4551575360345503 33126
83 1.8692315730373703 2.3219824511855478 32303
84 1.8963631737840809 2.3224254395695807 34936
85 1.9452068448037303 2.3198306600485421 38311
86 2.0965818194731907 2.4026279322360025 36193
87 2.083429022585455 2.4191867458351441 43192
88 1.8746294669426611 2.2846013072593854 46145
89 2.0790039187826608 2.3508646226806817 38690
90 2.0042192895182596 2.4663146901914694 46694
91 1.6100946372344578 2.2295448243465623 41169
92 1.8785155494926018 2.2800914810421458 41825
93 1.7360223311636889 2.2569307494830921 43487
94 1.5420974359052002 2.2250556825319214 46246
95 1.8350671023077343 2.2818786073969237 54689
96 2.1007492692275211 2.2517481726387083 49087
97 2.0871577946640616 2.3617697893173437 49849
98 1.9181624435254989 2.3563558146052879 57940
99 2.1130627034401082 2.6225917883887746 59522
100 1.9341957471497346 2.3437917417800924 60152
101 2.088457428500671 2.4691034451230114 60458
102 2.0002070838465515 2.4134706940122825 64330
103 1.9354216207437676 2.3169436241546864 60190
104 1.8502534431364752 2.2488465816918137 60719
105 1.8791211198312774 2.3352379857937442 70268
106 2.0936193871858477 2.3311192660267914 67931
107 2.0342151860059299 2.3822031780690334 67985
108 1.8650002521503564 2.3118979631852672 71657
109 1.9940490749312014 2.3993691801590518 70431
110 2.1818220409933304 2.4441934873625075 78532
111 1.9946842084919767 2.4319804290909306 76427
112 1.9405098587569718 2.3729824953349201 79495
113 1.8336797701830905 2.3131174463624973 75569
114 1.8545607609653196 2.3849227796804162 84020
115 2.0404052711624456 2.3755598558699198 94699
116 1.8593552529144899 2.3513545605778514 90231
117 1.735118850946493 2.2619876691429615 80777
118 2.0036735622996718 2.4443578506676431 97523
119 1.8804365801119414 2.4623852100875148 100447
120 2.1105534148743765 2.3485383539695355 88867
121 1.8934689233920827 2.2838844472327864 92261
122 2.0144680811996407 2.3377529117870006 100599
123 1.9232613738814237 2.31030723058839 97602
124 2.0920118463209199 2.3158980791579862 101702
125 2.0197919818528658 2.3428050875774593 100887
126 1.9255516159440695 2.2662410391858963 107716
127 1.7580631751934928 2.2352321234767745 106425
128 1.9348215277211422 2.3937323627687963 115260
129 2.0492398505983926 2.4496760946242881 115502
130 1.9678017976803699 2.242608294037169 123963
131 1.9367481820340153 2.3635499974093754 132071
132 2.0161205560297333 2.3206593089640011 133168
133 1.8522334893107777 2.3892798341225983 131175
134 2.1241397164967384 2.3439530144529805 128142
135 1.9710526505533796 2.3395254148464466 144872
136 1.895876102588006 2.261374230746771 140815
137 1.8883737766086768 2.2849464031955558 155199
138 2.097555142990839 2.3620928953341389 158346
139 1.9286603069081165 2.3631511601316815 168538
140 1.7964342019470638 2.3540795721543826 155304
141 1.9982889790112348 2.4310088474561566 181571
142 1.9280008878557251 2.3224550006214968 164745
143 1.9401841825410013 2.3220219069406225 179463
144 2.069808639509465 2.4619761196181416 177088
145 2.0508201565480917 2.4680992135671791 176555
146 1.9492426892685808 2.3300485213073863 168924
147 2.2334005667066048 2.5452643959377537 194119
148 1.9906238589555534 2.4176689020675286 191722
149 2.0059021723664436 2.4818478982266678 189929
150 1.9887950258986631 2.3800690492664374 202839
151 1.9505794736321742 2.31015088470728 185162
152 2.0797319759181105 2.3869331916314631 205844
153 1.9421264746463069 2.4078441175528265 220682
154 2.1143730745623892 2.4784975614013316 211067
155 1.9718148838793024 2.3917384853046251 220503
156 1.9293106127751376 2.3643887099574403 214961
157 1.9963437562026884 2.3785411595170141 228110
158 2.0093899324279949 2.3669596933275909 205984
159 2.0253333749540667 2.3651335288215889 225972
160 1.972127921245622 2.4219984561778749 218429
161 2.0560176076157175 2.492259813428495 227311
162 1.976398075477118 2.4174919789719458 220861
163 2.0447149528422259 2.3964758565361408 228061
164 1.9038508063961854 2.3132231330863577 227011
165 2.0804975943595614 2.3910134866105244 225737
166 1.9931352999479188 2.3933798075944086 243189
167 2.115765511534907 2.3929420569640723 231564
168 2.1235575836495952 2.5348838309535684 247005
169 1.9682833385242275 2.3869022817498355 257591
170 2.1169524690449975 2.3874956365850295 271015
171 2.0155495319320931 2.4258619893541975 278141
172 2.0909517997816911 2.4499074731329915 287385
173 2.0023179491282344 2.4127238877562189 280843
174 2.0612530018381525 2.429258613370453 285826
175 1.9517139534511263 2.3331511762498489 318834
176 2.0312343302307649 2.4406686569908906 355133
177 1.983290827585656 2.4023677221366717 339236
178 2.0798106227791839 2.3686073730496071 339058
179 2.086958356001972 2.45320986556017 343666
180 1.9386082384472836 2.3952085897105206 361979
181 1.9992069428566837 2.3897520325747119 344109
182 1.9818323105612243 2.4250880219486852 360979
183 2.0200086724205746 2.4223956724993783 366144
184 1.9799365099755433 2.4598352416961764 367542
185 1.9850255556241905 2.3729784402229313 363588
186 2.0333410521772532 2.3678621065278906 363788
187 2.0234680490545829 2.3439627646061294 400042
