50 2.7588149630966154 2.2246221981646568 211595
55 3.1109861020499836 2.4599632788122703 311141
60 3.4239774625249817 2.7287747367747972 451401
65 3.8141305215992678 3.0237141923943303 631261
70 4.3049438649971004 3.3978222788589778 854807
75 4.7904443414340889 3.7685858391261808 1.1383e+06
80 5.2968677742220169 4.0984476774339873 1.4927e+06
85 5.9307025862523117 4.5897836490689263 1.94134e+06
90 6.7041561840320893 5.2221344494078421 2.47322e+06
95 7.4178449403324338 5.7389134007185305 3.10147e+06
100 8.2311448277848349 6.4193622715974996 3.80919e+06
105 9.3855923914846908 7.1882678033269132 4.42745e+06
110 10.310319610001429 7.989481358901279 5.63437e+06
115 11.62680137782362 8.9394406624540093 6.9756e+06
120 12.969514553384679 9.888228569010117 8.06945e+06
125 14.286092462856713 10.991001699318094 9.13393e+06
130 16.046391032466868 12.270561964834862 1.08106e+07
135 18.075097613781733 13.701516102122239 1.28045e+07
140 19.983204432117002 15.099849808073113 1.47231e+07
145 22.511143211664344 17.057865808130725 1.75437e+07
