20 1.2244828669067369 1.4389380219834746 1578
21 1.0990433567513835 1.3956083311825502 1573
22 1.1719024663833588 1.4548206601080624 1844
23 1.2657234527305379 1.5024825090420251 1844
24 1.3246227073040984 1.5651959797339494 2306
25 1.3194103218625768 1.603858616652633 2188
26 1.4192825951115748 1.7187499783559468 2444
27 1.3406121447243731 1.6422471328457526 2655
28 1.3482728462345466 1.684141258018264 2821
29 1.5198083241492331 1.7539449035814896 2875
30 1.4548455565302052 1.7380637639895766 3043
31 1.8101097952645762 1.844944406041642 3185
32 1.6116297986079631 1.8849867792754464 3769
33 1.4325896424717606 1.8484389569816917 4476
34 1.4288796522342806 1.7499557817362166 4511
35 1.772462938961203 1.9596509551865362 5067
36 1.5998072514690029 1.9072468373877178 5494
37 1.5364466293674743 1.8920019357638258 5144
38 1.6352905881150968 1.8413191043608472 5417
39 1.5689567862973297 1.8937340613669282 5956
40 1.6861547060308368 1.875795064291681 5888
41 1.4052017807777162 1.8873598909451634 6315
42 1.5200627240980271 1.9347065739418257 6580
43 1.4823364303149138 1.952004413703841 6726
44 1.6210884421582732 2.0457722045915303 7885
45 1.6186791481058023 1.9762977643656767 7389
46 1.8525993816530337 2.1472989303620409 8729
47 1.5504335173672563 1.9077859941318347 8253
48 1.7282555747202475 2.0782310737971521 8904
49 1.8123730481350733 2.2689237274052347 10700
50 1.5123019450639854 2.0286573515969017 9728
51 1.6687507212775987 2.1019093874414478 9677
52 1.7784860816355774 2.0807170267647042 10500
53 1.663767244652931 2.2428416999747558 11815
54 1.7644812022262362 2.0219089562240677 10725
55 1.8238544347558276 2.1467576858847099 11513
56 1.9477209393015515 2.1218985795390952 11538
57 2.0602073928086702 2.2675686649881883 12107
58 1.827265516852572 2.2977504076898936 13949
59 1.7007269850372015 2.0814395042678182 14331
60 1.8282736791695762 2.2573254595269816 14684
61 1.7788155796134359 2.1791468451874412 16404
62 1.7542826465864443 2.2368210880207893 17255
63 1.7115663607250766 2.2429439969779303 18033
64 2.0487427885855052 2.2801059470895302 17844
65 1.6033920791790037 2.100591329649542 20170
66 1.844058218440386 2.1702019141110016 21560
67 2.0935869366046442 2.3423220245203495 22596
68 1.815268030293157 2.1022610510458075 22634
69 1.7778485413521161 2.1676320681752652 23208
70 1.6280363807902198 2.118236403846296 23786
71 1.7513324225830558 2.1277468917348603 23990
72 2.0836536688233784 2.2532632992867039 25169
73 1.7876800135088311 2.1728767174786574 26212
74 1.8789742425518212 2.3000632088821038 26441
75 1.8089097742727476 2.3405166097278753 28932
76 1.8328077522432267 2.2420147704358668 28113
77 1.8700124985932682 2.1751919271244953 29896
78 1.9131419257797007 2.3144531823770245 30844
79 1.8678315643747214 2.2544526062698793 30833
80 1.8924014244340415 2.3140806595008092 33136
81 1.7814835893973668 2.140140393106674 32261
82 2.0298727806761319 2.4551575360345503 35289
83 1.8692315730373703 2.3219824511855478 34368
84 1.8963631737840809 2.3224254395695807 37582
85 1.9452068448037303 2.3198306600485421 37685
86 2.0965818194731907 2.4026279322360025 38576
87 2.083429022585455 2.4191867458351441 40101
88 1.8746294669426611 2.2846013072593854 39757
89 2.0790039187826608 2.3508646226806817 40638
90 2.0042192895182596 2.4663146901914694 42882
91 1.6100946372344578 2.2295448243465623 41830
92 1.8785155494926018 2.2800914810421458 42812
93 1.7360223311636889 2.2569307494830921 44511
94 1.5420974359052002 2.2250556825319214 46655
95 1.8350671023077343 2.2818786073969237 48683
96 2.1007492692275211 2.2517481726387083 48423
97 2.0871577946640616 2.3617697893173437 51218
98 1.9181624435254989 2.3563558146052879 50391
99 2.1130627034401082 2.6225917883887746 61602
100 1.9341957471497346 2.3437917417800924 58601
101 2.088457428500671 2.4691034451230114 61526
102 2.0002070838465515 2.4134706940122825 61997
103 1.9354216207437676 2.3169436241546864 62444
104 1.8502534431364752 2.2488465816918137 62331
105 1.8791211198312774 2.3352379857937442 66900
106 2.0936193871858477 2.3311192660267914 66836
107 2.0342151860059299 2.3822031780690334 68513
108 1.8650002521503564 2.3118979631852672 68726
109 1.9940490749312014 2.3993691801590518 71551
110 2.1818220409933304 2.4441934873625075 72684
111 1.9946842084919767 2.4319804290909306 75431
112 1.9405098587569718 2.3729824953349201 77088
113 1.8336797701830905 2.3131174463624973 78873
114 1.8545607609653196 2.3849227796804162 77384
115 2.0404052711624456 2.3755598558699198 83878
116 1.8593552529144899 2.3513545605778514 81795
117 1.735118850946493 2.2619876691429615 82086
118 2.0036735622996718 2.4443578506676431 88825
119 1.8804365801119414 2.4623852100875148 93205
120 2.1105534148743765 2.3485383539695355 89268
121 1.8934689233920827 2.2838844472327864 90256
122 2.0144680811996407 2.3377529117870006 93636
123 1.9232613738814237 2.31030723058839 94041
124 2.0920118463209199 2.3158980791579862 96415
125 2.0197919818528658 2.3428050875774593 96488
126 1.9255516159440695 2.2662410391858963 104000
127 1.7580631751934928 2.2352321234767745 106795
128 1.9348215277211422 2.3937323627687963 109954
129 2.0492398505983926 2.4496760946242881 121640
130 1.9678017976803699 2.242608294037169 115909
131 1.9367481820340153 2.3635499974093754 126684
132 2.0161205560297333 2.3206593089640011 126366
133 1.8522334893107777 2.3892798341225983 131175
134 2.1241397164967384 2.3439530144529805 131848
135 1.9710526505533796 2.3395254148464466 134959
136 1.895876102588006 2.261374230746771 134284
137 1.8883737766086768 2.2849464031955558 149611
138 2.097555142990839 2.3620928953341389 155332
139 1.9286603069081165 2.3631511601316815 157221
140 1.7964342019470638 2.3540795721543826 156912
141 1.9982889790112348 2.4310088474561566 163201
142 1.9280008878557251 2.3224550006214968 161863
143 1.9401841825410013 2.3220219069406225 166259
144 2.069808639509465 2.4619761196181416 174885
145 2.0508201565480917 2.4680992135671791 175939
146 1.9492426892685808 2.3300485213073863 173228
147 2.2334005667066048 2.5452643959377537 190650
148 1.9906238589555534 2.4176689020675286 183562
149 2.0059021723664436 2.4818478982266678 186950
150 1.9887950258986631 2.3800690492664374 190231
151 1.9505794736321742 2.31015088470728 191411
152 2.0797319759181105 2.3869331916314631 201877
153 1.9421264746463069 2.4078441175528265 203219
154 2.1143730745623892 2.4784975614013316 201592
155 1.9718148838793024 2.3917384853046251 212061
156 1.9293106127751376 2.3643887099574403 216992
157 1.9963437562026884 2.3785411595170141 220734
158 2.0093899324279949 2.3669596933275909 234766
159 2.0253333749540667 2.3651335288215889 226025
160 1.972127921245622 2.4219984561778749 238149
161 2.0560176076157175 2.492259813428495 241745
162 1.976398075477118 2.4174919789719458 234533
163 2.0447149528422259 2.3964758565361408 242796
164 1.9038508063961854 2.3132231330863577 249450
165 2.0804975943595614 2.3910134866105244 270558
166 1.9931352999479188 2.3933798075944086 268973
167 2.115765511534907 2.3929420569640723 271625
168 2.1235575836495952 2.5348838309535684 257926
169 1.9682833385242275 2.3869022817498355 262069
170 2.1169524690449975 2.3874956365850295 268895
171 2.0155495319320931 2.4258619893541975 273596
172 2.0909517997816911 2.4499074731329915 276902
173 2.0023179491282344 2.4127238877562189 281378
174 2.0612530018381525 2.429258613370453 287495
175 1.9517139534511263 2.3331511762498489 318497
176 2.0312343302307649 2.4406686569908906 329782
177 1.983290827585656 2.4023677221366717 330735
178 2.0798106227791839 2.3686073730496071 331543
179 2.086958356001972 2.45320986556017 340443
180 1.9386082384472836 2.3952085897105206 343033
181 1.9992069428566837 2.3897520325747119 342699
182 1.9818323105612243 2.4250880219486852 351905
183 2.0200086724205746 2.4223956724993783 365662
184 1.9799365099755433 2.4598352416961764 361892
185 1.9850255556241905 2.3729784402229313 368177
186 2.0333410521772532 2.3678621065278906 364110
187 2.0234680490545829 2.3439627646061294 384249
188 2.0199558122193042 2.3927756793001076 377650
189 2.0820218043137761 2.3796449291656048 382683
190 2.0079033101023414 2.3236661398495073 417297
191 2.0361566475018944 2.4285596551505733 395036
192 1.9860737451911412 2.3731663474300424 408553
193 2.1475599634465685 2.5824898118318083 425114
194 1.9976372670916638 2.333167758521121 421330
195 1.9492567933968121 2.3328072625317744 429620
196 2.0125338929916015 2.4126182389809565 424050
197 1.9724979902535345 2.3398351201713745 430489
198 2.1282278562914576 2.4368038206332092 442631
199 1.9942122240651918 2.4442601548073251 456273
200 2.0954020366442068 2.3863708999630644 440520
201 2.071593413499258 2.4529701389036851 466353
202 1.989406242749608 2.3838151947104937 464619
203 2.0315751990064195 2.391327193246862 481942
204 2.1972678857054531 2.3997454128328557 478416
205 2.0925860544386037 2.4371322168327154 492257
206 2.0598065937340917 2.39552657403252 490346
207 2.0633936616403195 2.413575467806651 507520
208 2.099394958945469 2.3926584750804878 504338
209 2.0229719200336764 2.3098744434421272 507602
210 1.9550441957264586 2.3620519427230415 522101
211 2.0425581932543277 2.422017602981152 544014
212 2.0000358571917785 2.3605255816490098 545669
213 1.9801892029860133 2.4229336187776176 541599
214 2.1379595078076834 2.4970533331573672 633601
215 2.0194293056103745 2.3255256458000328 645769
216 2.0582938686399279 2.3821165593916143 636904
217 2.1942343895416694 2.3618362717587904 637145
218 2.0476902155264569 2.4213661123698151 650634
219 2.1390226245206603 2.4726923806529046 655914
220 2.0594161141434357 2.372300566495082 651436
221 2.0402780615462812 2.3360980470115567 670815
222 2.185438740901402 2.465045357579422 676672
223 2.0719306709183711 2.3763343584384313 692557
224 2.0281328680610162 2.3168768154133441 687684
225 1.9941716757292214 2.4113734665640973 711820
226 2.0711901626356424 2.3705967982185396 706153
227 2.0698857855776347 2.3867522465227533 726548
228 2.0260336732616135 2.3647682348504566 722495
229 2.102259089610711 2.4308231045742588 742687
230 2.0740674443681075 2.411870955897701 743149
231 2.1145416309949985 2.3978612672270754 756960
232 2.0788177615490526 2.3769496025343604 775783
233 2.0310309532349264 2.3411712961345827 771948
234 1.9602265914440427 2.3380598762620548 791963
235 2.1313296779120074 2.407466894946102 784303
236 2.0076653819813846 2.3856287724193423 812408
237 2.1026698974377238 2.355959706644553 803775
238 2.1315411313812724 2.4267513978447792 819392
239 2.028314745790214 2.4017974241814599 823940
240 2.0564301478229128 2.336255271356662 823846
241 1.9700181636341632 2.3379984160262968 832137
242 2.0574328682358449 2.4324204474422046 882460
243 2.1450387936457771 2.4181778378941847 890675
244 2.0606934648354627 2.3753241588240139 900425
245 2.0324958047613029 2.3645916536734708 893507
246 2.0577364498360606 2.3622597652996316 915977
247 2.1094593343592893 2.44029579308524 938739
248 2.1269861703014818 2.3791740043937679 915138
249 2.0890097192755488 2.3634071838355801 947671
250 2.0964254716872355 2.3032222333113186 949470
251 2.0578795949438646 2.4255412156189906 957428
252 2.1478903203815656 2.4764611427895544 1129067
253 2.1199288181557097 2.3736589165526363 1120855
254 2.064575722090177 2.4491493259104464 1132199
255 2.1314902256403063 2.4216925518578427 1147529
256 2.1991389296759571 2.4316595112002926 1157457
257 1.9052501501647527 2.3999786732212667 1227430
258 2.0539845796351601 2.3561733863822347 1219435
259 2.0463759633192837 2.3722750090886731 1235861
260 2.1284839699260991 2.4549156233753 1245568
261 2.0769656645271861 2.3790681357785441 1245332
262 2.0959841815499844 2.3600940213519643 1263528
263 2.0816079579150739 2.3811968858289543 1277641
264 2.0759793504037289 2.4361948728470599 1315591
265 2.1295550310779436 2.4505236263522718 1315901
266 2.0777975034172358 2.3748110739880532 1319105
267 2.1373360981734586 2.407794539350109 1337105
268 2.0660259801824115 2.3600373322334907 1345799
269 2.1099433454894285 2.4213427989744525 1362959
270 2.0888679693485939 2.4275848076676874 1419981
271 2.0266999069915164 2.3155968008626071 1414443
272 2.1058506897813767 2.3848106912661153 1406417
273 1.9633451860243689 2.4326289087113775 1435627
274 2.1184830839441169 2.3315428505578994 1416200
275 2.0976824294628971 2.3528795190864691 1463194
276 2.0588719230624837 2.3278114093852453 1462697
277 2.0873238755834835 2.3828117282054699 1481430
278 2.1536320014714905 2.4366516702441601 1493163
279 2.1544782630226642 2.4333168542587225 1500532
280 1.9926370835181968 2.3730136574796616 1540381
281 2.1917880248021588 2.4352990942486143 1538704
282 2.1832845758500659 2.4327029181904134 1601120
283 2.1423921280658984 2.4873540427352006 1592767
284 2.0259704790470683 2.3886260735440032 1607468
285 1.95784371063999 2.3146461493697923 1598103
286 2.1484721604241783 2.3977480240605056 1609318
287 2.0695906417131495 2.3878424032205681 1665536
288 2.1158533838538514 2.405170565940177 1677405
289 1.9384168864344031 2.3714144313134664 1732507
290 2.0457512309415531 2.3531444546975373 1682994
291 2.0624083757213572 2.3944967446675101 1946075
292 2.1087947668066804 2.386543316163837 1965892
293 2.0368506334382439 2.3929217159655174 1967104
294 2.0282038271265956 2.3431748050205581 1982636
295 2.0563470067060061 2.3996962496998697 1985447
296 2.0762146746266987 2.3850533249672723 2020941
297 2.1599875995285163 2.3777060272943658 2039325
298 2.1766205433287458 2.3903014060506127 2081659
299 1.9998823278596336 2.3739827246180054 2072753
300 2.1534167584744783 2.4394765113956889 2109744
301 2.1435805331633606 2.3443028613617862 2101041
302 2.1462106562062697 2.4166486593470902 2136231
303 2.0880794753971061 2.3299298744635291 2170721
304 2.0767705247596995 2.435199566039953 2217173
305 2.0566135042790696 2.4149085592641937 2230604
306 2.0468016575733783 2.3562944518892377 2238043
307 2.017276202972393 2.3472097322326655 2263630
308 2.0903393239425214 2.3447718345299089 2241037
309 2.0995863898150255 2.4187068882785634 2292019
310 2.0968886070403809 2.4400351589516824 2322021
311 2.0931121338094325 2.4014602796564035 2355932
312 2.1011327192496974 2.4712717032184233 2367202
313 2.0827269434380171 2.3937816991241285 2388559
314 2.148296364759402 2.4354195952073918 2412878
315 2.0450919391637452 2.4176433890336533 2444724
316 2.1429387328738558 2.4867447079066123 2438567
317 2.0474832753005718 2.3503344929890737 2483407
318 2.1480861787442245 2.4289838480483854 2490152
319 2.1411937787264308 2.3724737511668788 2491527
320 2.0655727588719333 2.3639740209563307 2563706
321 2.1330233246061749 2.4221849237849553 2565265
322 2.05747500532987 2.3559753263916114 2563512
323 2.1165936373603875 2.3562684754573935 2613244
324 2.1950196331133025 2.4616717869490738 2606622
325 2.1230952354626935 2.3533961528920533 2639973
326 2.0526962031567115 2.3832167171538736 2698797
327 2.1317661359731406 2.4469149891042403 2747677
328 2.0549140361775793 2.3419452561098422 2720360
329 2.0685094149639576 2.3409511581211566 3203735
330 2.0367707416183913 2.3895846566921848 3218614
331 2.1126440615587749 2.4204241777322988 3246260
332 2.2167431794190979 2.4221748158871073 3212227
333 2.0835536884508916 2.3573518075368747 3255578
334 2.1360886979727547 2.4114376794849552 3329699
335 2.0727750120140365 2.423477595326168 3341597
336 2.120968548870815 2.362691340232745 3374357
337 2.0093215501770416 2.3841134634028438 3367118
338 2.1820898591460631 2.355044984120219 3420231
339 2.1129304501115183 2.4351793896266116 3452153
340 2.0463685007361985 2.3547089833463719 3502078
341 2.0371790593176389 2.3780958644465335 3486956
342 2.0569272214366485 2.4137217442822076 3544851
343 2.1383663103132822 2.427258710961016 3591050
344 2.0581659953036788 2.3781443094784418 3566501
345 2.1567728897614664 2.3686512156390163 3627761
346 2.1105673884644314 2.3559683658384638 3699357
347 2.2142802162129307 2.4348664335300683 3687900
348 2.114645522024249 2.3551488096797977 3752182
349 2.0819222866648714 2.3483977714595943 3748078
350 2.1052917746220863 2.3234194922585982 3746042
351 2.1271836877395494 2.3788227370189126 3797917
352 2.0359228461376362 2.366620440594112 3830274
353 2.1389635061127428 2.3660655077745365 3913130
354 2.1625588540682492 2.4334307204020345 3926554
355 2.1127599216157908 2.3457581955017122 3944512
356 2.1784819237210193 2.3889914498353302 3973328
357 2.1341403227851821 2.3866165330963249 3947411
358 2.0219241602486795 2.3691594291117162 4083860
359 2.0412135438332939 2.3985034920096071 4060884
360 2.0907862969284077 2.3285552813483203 4110754
361 2.2719819323238131 2.4902424717661713 4178231
362 2.1434968971985335 2.4161232395869581 4218534
363 2.1835104211180809 2.4448900139077252 4233648
364 2.120358710418401 2.3669348257643392 4249730
365 2.2374444559088498 2.4865892425054064 4327837
366 2.1873552780148517 2.386662194187446 4444327
367 2.2720360012451808 2.4655220543693863 4339231
368 2.1726854074860062 2.435179578303551 4985787
369 2.2199786811349669 2.4273378376002439 5000001
370 2.1202281454049317 2.3884669492572153 4995027
371 2.1679509017946939 2.3862932474477438 5068418
372 2.0642636940078134 2.3144283485991828 5134180
373 2.1472940802497367 2.442010108341917 5205102
374 2.1809310925517642 2.4565143834188419 5168259
375 2.1671368047353852 2.4173666213876635 5222713
376 2.1372601810086822 2.3497744869346295 5246857
377 2.1255836381657898 2.3803483276493909 5255619
378 2.0887536973736789 2.378199517665236 5331531
379 2.2139684008078291 2.389931892093395 5413252
380 2.1086676178008306 2.3993495574113362 5413198
381 2.1096086791585322 2.4064499664052916 5504817
382 2.1119275843416583 2.4109894632532831 5545486
383 2.1849458222700244 2.375791271883632 5529667
384 2.2164162550107105 2.4298995699979735 5622753
385 2.1454691062116074 2.4513661508016003 5616806
386 2.1840100630326962 2.3709346025255629 5665134
387 2.0689987204537852 2.3413338488928952 5722808
388 2.1299342433250281 2.365317739506823 5689293
389 2.10682032392875 2.4200745773966341 5796231
390 2.1063148835232179 2.4490865111723972 5958826
391 2.1137741997997055 2.3606228356138623 5907904
392 2.1134700417591046 2.4372468697474865 5992573
393 2.1354502728001443 2.3870045717305168 6020794
394 2.1419912422322014 2.3629227012615281 6086783
395 2.0626336735698678 2.3455233686971018 6070773
396 2.0904515939707693 2.4053142462517578 6166128
397 2.0529662051508515 2.3704565121147665 6206281
398 2.0937163230107041 2.3717985817532288 6151509
399 2.1528338524925417 2.428969330972429 6316991
