20 2.8094829613437708 2.2473333342404898 16739
21 2.4982894336973813 1.9716018440215455 16769
22 2.8593630843245501 1.9679533684948753 29130
23 1.7426301463969944 1.952740549859332 29784
24 3.5324308816552974 2.7179158741010259 16041
25 1.5921850008215168 2.1702788555187214 27295
26 1.8982353418260522 2.280779899931725 42275
27 1.8644992553911359 2.2046975579578829 45020
28 1.915487686045382 2.2563713879856686 50196
29 1.7403983368725846 2.1974435413056215 49077
30 1.6501571204120065 2.0540606759605122 71235
31 1.8101097952645762 2.3038398215399516 60958
32 1.9049498610025852 2.4425015057730199 60654
33 2.7645000644141566 2.3398162252094163 63642
34 1.8083844641140885 2.1037533522490026 96037
35 1.7695018121662021 2.5731604307346627 67679
36 2.13954245940872 2.5870226538372418 89287
37 1.8343454206319312 2.2147965559321112 109068
38 1.6877873521884419 2.1938344268155987 102837
39 2.5823706857218149 2.3964361545448436 100627
40 1.748309812274973 2.3018408066340186 109799
41 2.9342009354070266 2.3296466209948536 129311
42 2.9779598793603821 2.3298404892283719 138083
43 1.759233804159235 2.2357202777593108 157000
44 2.915778963309664 2.4364993189791999 161710
45 1.8296910608871848 2.2395927761742165 223592
46 3.4181447266121312 2.6062800043670129 172047
47 2.6286744998610145 2.2236869816197284 208672
48 1.9814480016434366 2.3418269714185604 266434
49 3.4790389073040524 2.6897216966388156 217667
50 1.8840870246268409 2.2816976281853472 267782
51 2.1121719384858171 2.3815869842135853 243136
52 3.0745650823062736 2.2866653889068136 325816
53 1.9045378114476261 2.6418316255925536 301983
54 1.9181823336992103 2.3771575766415634 268166
55 2.9562680388985538 2.3891025281119438 357339
56 2.1041410813038395 2.3521480914622739 375138
57 3.221427928487107 2.5511330388710043 304573
58 2.0207082623320027 2.5959493757227587 402366
59 2.7909430871322725 2.3718390081168548 385470
60 3.2212013518780434 2.4708435472817349 445063
61 3.0628728932550118 2.4018659173436516 555974
62 2.0637464968013282 2.6242374737431473 382446
63 2.8564123445660918 2.5412994502928763 410253
64 1.7663474158912353 2.4297887543182473 559647
65 1.9764898317008728 2.3343849807045962 656503
66 1.8824717698398019 2.5854022062379332 445209
67 3.1316802646356807 2.5757998634262673 583218
68 3.162450535272479 2.5152299333806045 545975
69 2.9154023570867822 2.5287147429002537 601325
70 1.9210322115905198 2.4110250011471002 688997
71 1.7513324225830558 2.5587363265087495 477071
72 3.2091485042902637 2.5139550108206752 780357
73 3.0623160468394182 2.4204001922022278 799736
74 3.2792209002791508 2.670637552754533 609430
75 1.8089097742727476 2.66966605742105 660561
76 3.2315072137193979 2.6930946580646533 702155
77 3.2023721708617123 2.4706035111773397 915974
78 1.9094118580526789 2.5372486197629671 993185
79 1.9037586012696006 2.5429587281397579 973942
80 1.9037064451977499 2.6692554624572016 801833
81 2.9097876105370055 2.5872744163370114 749084
82 3.2093662228548006 2.7401681664741853 985453
83 3.277745874725345 2.6100241047728852 989927
84 3.1886880289996311 2.6662688935271865 916763
85 3.1087010904733248 2.6568015788565273 1087675
86 3.2053366360244784 2.7047583940443864 1104323
87 2.9416113381116626 2.7555136118976149 988386
88 2.0218044938399902 2.5738243310945625 1200058
89 2.1297608126183909 2.7207665815845363 1035559
90 3.3936000733374407 2.7373505901747639 1332735
91 3.2582475303432097 2.5715921613885717 1400849
92 1.927432101282178 2.6106708271832497 1594784
93 2.0093146532512884 2.6412449684620647 1206309
94 2.0274342307561701 2.5337640586491439 1781842
95 2.0177876084037409 2.5940198757944399 1804153
96 3.1691705859502353 2.5788235574699279 1591367
97 3.226638947123154 2.7495507785842284 1362120
98 3.0635058333546468 2.7307301748276807 1319267
99 3.5409619323259482 2.9504441567416642 1583047
100 3.4126801171759991 2.7702141380557723 1621741
101 3.2390447090077186 2.8153010064418744 1614919
102 3.2032407262106637 2.7058269239061552 1883515
103 1.8956917599412744 2.7601890824711113 1206787
104 3.0748639949055407 2.7598644701356956 1294689
105 3.1602662186695563 2.6925962364104188 1815225
106 2.818551110193626 2.7935084136210171 1659410
107 3.2002347055543132 2.8223016511893926 1796210
108 3.2544050630866304 2.798160052564127 1436869
109 3.1670690940766613 2.8570152851932749 1659873
110 3.1430662311930067 2.7888404415079227 1968016
111 3.4036473492836437 2.8482436990665354 1672705
112 1.899487229940573 2.847625993855873 1685105
113 3.1418140368632468 2.8057617487065363 1884360
114 3.1985861856794489 2.7818859731795689 2226780
115 1.8430037501918508 2.854675830603342 1693594
116 3.0442381725963714 2.7086278451762604 2507592
117 1.735118850946493 2.7495632410170536 2543883
118 3.0448921980778918 2.8067421978140077 2432024
119 3.294087672176067 2.9119782968476251 2396890
120 3.1925808457756331 2.825323421830384 2038855
121 3.1218374796153405 2.7413333159430144 2862332
122 3.1079857568028073 2.7050948729764692 3261800
123 3.046517123614755 2.8818820017162659 2149652
124 3.0524972032081066 2.8597905626208453 2314169
125 3.2036808522795361 2.7975487052895747 2479005
126 1.931167842179536 2.8086843930373044 2812909
127 1.92567446231277 2.7342196939147758 3139291
128 3.2498993649566779 2.9570621411079538 2431918
129 3.0948487953908037 2.963787273520452 2392207
130 3.1741165355024519 2.7690701583723869 3244236
131 3.1229022945602396 2.9459532931538281 2910184
132 3.2833992595732049 2.7415373910113967 4901471
133 3.1318447648241583 3.0210528703426807 2283144
134 3.2539515809207327 2.8389462441458688 3108112
135 3.1432114465959442 2.8688129645674634 3066874
136 3.2573582749307786 2.8591759603278755 2783693
137 3.3488429807213116 2.8884882526366966 3052446
138 3.3600213825477399 2.9153815607442968 3400706
139 2.0891529443616927 2.9665346461641433 2861390
140 3.2706202492330401 2.8690957384499649 3775152
141 3.2257421709651335 2.939356561726711 3189818
142 3.1608425664337978 2.990946459321151 2461254
143 3.3759999590042402 2.9351181000849831 3280308
144 3.38198036910795 3.0171350736533733 3401406
145 3.1180811930698136 3.0457228847254751 2877301
146 3.1237429481069836 2.950844714484576 3216168
147 3.1923588981370576 2.98452888768279 4198716
148 3.1699231330994158 2.9315813448455943 3423810
149 2.0398839277486909 3.0019632877253044 3812134
150 2.9459304597824794 3.0069278540499371 2264586
151 3.0141623621911102 2.8847884850174479 4210580
152 3.3118311147239563 2.944986606029345 4242823
153 3.1294095027279027 3.0202957001511832 3660220
154 3.07316840026217 3.0515748340039148 3658802
155 3.2779161002022139 2.9350800359312204 5154245
156 3.2700947558939095 3.0362024449435641 3744676
157 3.148199470736134 2.9435127045859768 4494115
158 3.2323843652269439 3.016148545207638 3522685
159 3.1789539863320693 2.9538362277701187 5078801
160 3.282206188403233 3.0102955314667041 4013953
161 3.3629788070935529 2.9965681818660812 5527324
162 3.3498284237823857 2.9722500376122438 4745718
163 3.2092004725934333 3.0140746666001812 4987658
164 3.1002348512825377 3.0265422563497051 3438106
165 3.413133377426703 3.0830059447667963 3294212
166 3.089885826159728 3.0888986261662597 3251217
167 3.0237950641092688 2.9545022575296112 6133045
168 3.4398694990392364 3.130351111142172 3410913
169 3.2909751461489907 3.0825267205481048 3629514
170 1.9976017211622397 3.0367423950368071 3834763
171 3.1786989622921391 3.1390609675495238 3005306
172 3.1548258797505446 3.079293421613996 4377281
173 3.1737497587281105 3.064004815837698 4204892
174 2.9900144483161211 3.1265834047312122 3934945
175 3.3274612913394299 3.04275688943794 3595923
176 3.3268428616743009 3.0874716151163031 3344679
177 3.1965917625979103 3.0801959670924948 3912825
178 1.9576056560804325 3.083552021833841 3708704
179 3.3703464065425592 3.060953079822704 4851546
180 3.3706328261710228 3.1175395663443752 3955868
181 3.0560976249600991 3.0884388057202248 4138060
182 3.1483911563154803 3.0712332663546031 4082619
183 3.2484035131586229 3.0751649904981386 5267586
184 2.1578473153216944 3.1367309283783062 4161942
185 3.3800286522565708 3.1028967640631895 4657354
186 3.1119669614975538 3.0502116687675391 4704099
187 3.2897536024411784 3.0509005171418551 3988269
188 3.2313756223377399 3.0686488006057004 5504773
189 3.3580791501067133 3.0872987989602367 4699611
190 3.2311356128776816 3.1017832046344429 2815555
191 3.2232344882762241 3.1686078823124317 3094404
192 2.9129914611273739 3.1361550715406814 3513380
193 3.2499594880666289 3.2414465720670647 3208677
194 3.1774256224975201 3.1317170291134406 3498481
195 3.2710164730574283 3.0543311722401159 6870428
196 3.3404137844499839 3.1561820040446267 3278193
197 3.2698455459628661 3.1107608974107381 4902973
198 3.3232404739078709 3.1988623985618148 3277366
199 3.2122888300662571 3.2152587452730983 3390819
200 3.2030428458047995 3.1456092899801185 3588316
201 3.1156214763525312 3.1593423516043764 5306242
202 3.3468696046431075 3.1727490316924087 3687880
203 3.2074708600855772 3.1955087434356355 2421829
204 3.2282735143447669 3.1437414519721893 5243056
205 3.3581634653827672 3.179683358986571 3401643
206 3.2295022417242105 3.1563870086080263 4979523
207 3.3799746317835169 3.1762444530346565 7538210
208 3.3049494508074964 3.1327443633997523 6000250
209 3.0755240902528205 3.1449669215878893 4855255
210 3.1371177259670935 3.1471052156659565 4266397
211 3.4961498698701208 3.184186071275398 5630222
212 3.2786250192498287 3.1068575364474378 5860803
213 3.1663040617115734 3.187031254480873 4416404
214 3.4521555846142018 3.2199509923146983 2865734
215 3.0749314941062598 3.1269589222139902 5698926
216 3.0591563635587997 3.1711035212565823 3320709
217 2.0325558710985674 3.1733648863647619 4924763
218 3.3735783453969046 3.2077623672899134 5121405
219 2.1087020966752568 3.1804109654868049 6152342
220 3.2872182476399758 3.1173333660095341 5644644
221 3.1898153753336955 3.1522424708306516 3953631
222 3.3818531052529068 3.2044069162361852 5508567
223 3.2371593796595222 3.2261892333430553 2752149
224 3.1420168853822772 3.1426750762241848 6279924
225 3.1827257421972273 3.1847525787564641 5802348
226 1.9663957959712663 3.1532315623430742 6505193
227 3.2923032292739287 3.1768553950668745 3798613
228 3.335891890724779 3.088818296441616 7698322
229 3.148888412571583 3.2282863459287365 4707765
230 3.3018201009333841 3.1797464012697203 3529083
231 3.3231271079631188 3.1534907214948933 4608251
232 3.3486670806874543 3.2168991571719787 3197151
233 3.2613827818093055 3.1561203313905239 6033102
234 3.2580774343306209 3.1759233835640215 4312490
235 3.188770368746022 3.2190430220082145 4204856
236 3.2759778775556443 3.2304467664184209 4236527
237 3.2355362617390586 3.1197994515827689 9757028
238 3.3160078199494905 3.2190818463771618 4958208
239 3.2367172654210057 3.2050740416627614 3379345
240 3.1391813659576462 3.2150267796981056 3232081
241 3.411008464806959 3.1736420101732041 4041825
242 3.2265466802284064 3.1812368150766619 7326924
243 3.402122879680737 3.2082371258392599 5911781
244 3.3606351020689513 3.1989355367544445 3491930
245 3.3111825413026783 3.2084324544823444 4230509
246 3.096106950452715 3.1856502746980189 3230653
247 3.2444795806799651 3.2219912300099125 4072868
248 3.144558972653694 3.172297645469738 7030867
249 3.2283227258204663 3.2102780443891357 4611195
250 3.0867301796201914 3.1995730891346152 3781415
251 3.3798863124820375 3.1815063801934862 7771898
252 3.3556912870750146 3.2664635126755246 4696076
253 3.362811793196105 3.1973048484710791 3856020
254 3.2696183800297991 3.2147370301498324 5677126
255 3.182971447970365 3.2150205265883511 4800603
256 3.2864652217241166 3.1931732030726789 6666087
257 3.2087504741110444 3.2411896143568355 3640082
258 3.1899136360362035 3.2308349495693851 1904028
259 3.2596207875681924 3.2094649653509593 4146552
260 3.2549765473654033 3.2551986048216834 3155959
261 3.2612766015097407 3.2376904462055882 4711499
262 3.2892822593821718 3.2347934447609643 3487826
263 3.2950016011128103 3.1923258548622044 7773558
264 3.2596428928087158 3.2789565481967227 1918882
265 3.3174323871123366 3.2323960792672763 3528493
266 3.2003207657704729 3.2401084244663769 2221292
267 3.2453745442110256 3.2386444038610303 3995445
268 3.3311265495229563 3.2437596554249226 3212916
269 3.213962435452808 3.2183048202226869 4387360
270 2.018121225505646 3.2083036388787161 5408277
271 3.3033423103603781 3.2153613083611416 2762684
272 3.3078898835762485 3.2504571407667049 3790177
273 3.2195584954741805 3.2466835357457859 5733201
274 3.0110133145158384 3.1755547358568852 4555038
275 3.1837523200308944 3.2084806163160104 4938464
276 3.3789803602351491 3.2044680817365339 2233309
277 3.2726452284212901 3.2399296777108191 3008723
278 3.3383194055603718 3.2716261877449107 2712851
279 3.2110833732739485 3.2324044129636285 4080212
280 3.2384021912925522 3.2442649157197825 2846810
281 3.2920598311596785 3.2628530947455636 3342614
282 3.3690391073880526 3.2827097769100755 2903871
283 3.2661152262951485 3.2535924069892705 2775803
284 3.325084124261839 3.2110971829355868 7607713
285 3.2229612120472453 3.2512223424479476 986668
286 2.0377214012670248 3.2136234371640668 5384237
287 3.3923411939781842 3.2394388278888546 5794899
288 3.3386201252144829 3.2397615581428396 6497895
289 3.3189828769316816 3.2060208513465365 6789652
290 3.2873387180855138 3.2220401464382009 4186580
291 3.34485141041415 3.2200160057792173 5849422
292 3.2608461024328137 3.2641346432532146 2903124
293 3.2212094841908145 3.2481171812123999 5145056
294 3.1700952162792824 3.2218577504312202 3516297
295 3.2087352378694858 3.2466195752309468 4421979
296 3.1981398332651505 3.2557915793611532 1122704
297 3.1588836665695239 3.2332434223887003 4836759
298 3.3599219804236258 3.2708035449362947 5899212
299 3.1752130627654092 3.2261050814258745 6274949
300 3.2387481343969085 3.2501260018817275 6103305
301 3.249419849002761 3.2417403192841254 5401221
302 3.2766856188769804 3.2495637267819832 2925124
303 3.1985057737523386 3.2374105293640341 5277458
304 3.3187492257586273 3.2673042391927472 6517289
305 3.180799568475603 3.2739495552721785 3650627
306 3.1583032558946709 3.2430152835983144 3705504
307 3.358755253947364 3.2439036263627492 2237476
308 3.2607135783102166 3.240044486260576 3297990
309 3.218832777984252 3.2658234519180436 2158401
310 3.1463765794638565 3.2487472426040407 6482119
311 3.0784688553026824 3.2610612259030547 2272385
312 3.1804482199176265 3.2664290302361279 7040621
313 2.0488029598673063 3.2455558962570499 4536890
314 3.2344467933139307 3.2766995861133488 4583039
315 3.2695334011250643 3.2899903946616118 2385674
316 3.1732823019835412 3.2722381514102645 5934841
317 3.2009019328913633 3.2508367074957931 3743596
318 3.275975747751898 3.2803196547879194 4278879
319 3.3933508143835147 3.2351333902450778 6565663
320 3.2175166464677813 3.2718534911435202 3428633
321 3.2163435767186712 3.258413631847711 7727071
322 3.4160482019811562 3.2295579464926067 3746429
323 3.2126426317694996 3.2545996231335752 3636315
324 3.2969874176436051 3.2620488439767112 6316604
325 3.2134295490427021 3.2395766456235693 2675809
326 3.2848578332533047 3.2517565129626598 4859665
327 3.3686663742501901 3.2794450252205829 2627794
328 3.2110706837066689 3.2352596636296305 7485817
329 3.3031537781008047 3.2663636303450412 2975277
330 3.3239392321996237 3.2797719215448011 2793294
331 3.1874229988519698 3.2867133722770649 1596767
332 3.3696706972604433 3.2593172934214194 1627450
333 3.3799475737852158 3.2723083451555093 3225340
334 3.2702380551858008 3.2675966249998671 5145408
335 3.3235693563099602 3.288585126581375 5109594
336 3.2876100860141801 3.2756529809560488 1698536
337 3.3208371065730131 3.2770955495994629 4541985
338 3.3223316667893097 3.2552151888641707 1719966
339 3.2166215757297234 3.2861213285976199 2972356
340 3.1653883928057001 3.2645732807547194 1764204
341 3.1664516613267395 3.2442166472137712 3414878
342 3.3408507609107119 3.298155359839047 1751689
343 3.265771622482875 3.2802328391561457 3612577
344 3.2632644700156828 3.2582828761326352 3031128
345 3.2198563557118534 3.2802810508888371 1856891
346 3.3150625079154192 3.2647207376242124 4446711
347 3.4658452319620152 3.2678737134679703 1877036
348 3.3566478866360447 3.2376444587373063 5821256
349 3.2500695253210918 3.2537326691791506 5512782
350 3.0751386940081291 3.2520837553790671 1909244
351 3.2794526838520475 3.2698803606303724 1908074
352 3.1836125317572197 3.2444138402958482 5593966
353 3.2612642557399307 3.2719500333547185 1987642
354 3.2785844468817871 3.2688002450037241 4999262
355 3.1315319546218232 3.2433982343132373 3919576
356 3.2830464691983465 3.2481061957233215 7339087
357 3.185828752153741 3.2691486591462633 3920544
358 3.266867537534567 3.2517844301172421 3981047
359 3.2239867178481449 3.2591293926551699 5822241
360 3.2328808721606448 3.2260048700324857 5266320
361 3.3199954625790657 3.3017945847133148 4394989
362 3.3672315825996377 3.2956958667765757 4117566
363 3.2470976384983206 3.2675631128310751 4195583
364 3.1447969923618571 3.2733197463715085 2146099
365 3.2530864164126747 3.2945403207068273 8182094
366 3.2182561208819429 3.2605055998045236 4168971
367 3.3293347391552026 3.2841891755652317 3938572
368 3.3178872258244443 3.3022980091955327 3914672
369 3.4191188626580074 3.3024902813209174 2314427
370 3.3264885643604174 3.2812668986071292 5922561
371 3.3009685088158975 3.2549355436710852 2388299
372 3.1813847881580344 3.2266571340727261 4323127
373 3.2429316366219094 3.2774765207206924 3863028
374 3.3036478667501203 3.2842140723637736 2329630
375 3.3000529498482916 3.2819259119004616 2395492
376 3.3470585585137971 3.2567261913083216 2450880
377 3.2264380450688468 3.2721469438208044 2414431
378 3.2609664522308139 3.2645783325619195 4897198
379 3.2416744501323538 3.2611563131610444 4233923
380 3.2873552124648415 3.2931483725563653 2453014
381 3.4078166709523416 3.272149326442257 2472948
382 3.3300417143275296 3.2597886845893429 2685920
383 3.2481889204440773 3.2552812062947947 2521396
384 3.2611712830069326 3.2625715583585495 4731148
385 3.3416477548644705 3.2925499345729876 4491775
386 3.2360545563477845 3.2595229163771875 2550223
387 3.4022337724852072 3.2796192109881335 2564444
388 3.2344873680046953 3.2595512047357902 2544816
389 3.2143821477004941 3.2559930193323501 2714151
390 3.3365375225800626 3.2933394683071389 2644424
391 3.281376148716344 3.2725351028279568 2719186
392 3.3360414395452564 3.2772480583587518 7310359
393 3.2584386361228401 3.259702728767897 2776245
394 3.3596754372833999 3.2743255960931865 2720250
395 3.2093422827576088 3.2695250570669026 2706205
396 3.2622331884315083 3.2700590198839738 2681419
397 3.224894982073089 3.2641925092467514 4968824
398 3.1904537800867048 3.2640631199641335 5709777
399 3.2392400856677441 3.2897821319425993 9798803
